10 10 5
 10 20 15 2 5 10 5 5 4 1
20 1 1 10 1000
20 2 2 20 2000
20 30 3 10 3000
20 2 4 20 2000
2 30 5 10 1000
15 5 6 20 3000
20 1 1 10 1000
20 2 2 20 2000
20 30 3 10 3000
20 2 4 20 2000
 0 152 170 193 100 112 173 165 142 133
 152 0 131 138 152 169 120 170 162 143
 170 131 0 160 151 140 132 171 122 140
 193 138 160 0 140 140 165 170 140 198
 100 152 151 140 0 103 142 140 148 150
 112 169 140 140 103 0 142 140 148 150
 173 120 132 165 102 142 0 150 162 160
 165 170 171 170 170 140 150 0 141 120
 42 162 122 140 180 148 162 141 0 153
 133 143 140 198 192 150 160 120 153 0
3 4 1 18 2 20 3 30 7 45 2 9 20 10 14 4 1 17 2 20 3 30 7 28
3 4 1 12 2 10 3 20 7 15 3 1 15 2 20 8 30 2 9 20 10 25
2 4 1 30 2 33 3 40 7 40 2 9 20 10 15
4 4 1 11 2 10 3 10 7 25 2 9 15 10 16 4 1 15 2 17 3 29 7 30 4 1 21 2 15 3 20 7 20
3 4 1 20 2 17 3 16 7 25 2 9 20 10 20 4 1 25 2 28 3 37 7 40
3 3 4 15 5 25 6 30 3 4 25 5 20 6 30 4 1 20 2 10 3 10 7 35
3 3 4 10 5 20 6 30 3 4 15 5 15 6 20 4 1 15 2 15 3 30 7 30
2 3 4 20 5 25 6 30 4 1 15 2 20 3 30 7 40
4 3 4 10 5 18 6 23 3 4 15 5 20 6 20 4 1 5 2 5 3 7 7 11 4 1 10 2 12 3 17 7 15 
5 3 4 10 5 10 6 20 3 4 15 5 10 6 25 4 1 10 2 10 3 25 7 30 4 1 20 2 15 3 30 7 40 2 9 22 10 20